desemhistorico_anch  																																
157	15	214	1088	12620	12547	21377	4004	41085	98178	41388																							
76525	33043	28181	24135	6847	0	0	571	510	634	5450																							
3658	7531	51831	64386	61448	97425	54208	282170	152362	268017	262257																							
205936	474223	256443	360828	292108	277981	1066694	447409	160464	198338	225838																							
256156	320587	382488	561621	381377	434636	222172	103180	74528	43866	71985																							
desemhistorico_sard																																	
18147	22521	18505	20000	38000	50000	52186	113140	90040	113170	57176																							
159332	121366	133655	182791	66824	28115	13129	10911	17074	33287	35952																							
46035	18559	38224	26943	22878	31816	18023	159650	285757	564879	452012																							
244101	341247	126715	446669	441149	317416	781004	722465	324462	250800	274395																							
238695	188925	268951	222795	762081	829302	734973	879658	828008	231816	275329																						
year_cuota																																	
2001	  2002	  2003	 2004	    2005	  2006	  2007	  2008	  2009	  2010	  2011	  2012	  2013	   2014	    2015			2016			2017    2018   2019			2020	2021									
des_ind																																	
48909	  36588	  40310	  71109	  60037	  82157	  89101	  223780	251278	214499	202221  202934	54281    75207		63025			83616			22673   10133   3543		7537		NA								
des_art																																	
275561	310495	263542	284837	229395	464570	167340	581113	600764	534991	684504	645524	182686   468071		349792		191713		315578	331375	314583	250555	NA											
cuot_ind																																	
105543	119250	90204	  75800	  80043	  89870	  102720	225150	261900	260243	315176	312849	128462   123307   103024		70375			72402   63709		59122		69234		43384										
cuot_art																																	
249577	278250	270613	290320	239469	359480	308160	525350	611100	607232	735411	729981	583753   437181   365266    249513		256548  225877	209616	245467	153817																
ano_id																																	
2007	2008	2009	2010	2011	2012	2013																											
mes_id																																	
      1   2  	  3	    4	    5	    6	    7	    8	    9	  10	  11  	12																						
numeroviajes																																	
2007	0		1048	2830	1376	606		149		46		15		106	425		239		118																						
2008	0		1776	2854	2283	1784	631		68		7			8		754		324		476																						
2009	0		1725	4406	2846	802		516		1044	219		5		703		318		184																						
2010	12	561		1690	4462	2346	385		432		722		38	996		1889	0																						
2011	0		671		6119	4354	1780	606		583		420		16	997		1758	444																						
2012	1		385		5219	4118	1470	464		1095	334		28	1245	1460	1411																						
2013	10	260		2309	1134	500		342		933		8			16	329		0			0																						
desembarquesenpeso																																	
2007	0		39		77.8		28.9	12.4	2.1		1.8		1			6.9		30.2	16		5.5																						
2008	0		92.7	167.5		112.5	67.2	27.7	7.9		0.2		0.4		76.7	23		24.2																						
2009	0		57.7	225.7		93.4	19.7	20.4	53.5	22.6	0.2		66		32.4	19.8																						
2010	0		35		96.3		188.1	89.6	30		18.7	37.9	1.5		64.7	102		0																						
2011	0		24.6	301.2		181.1	63.6	25		32.7	27.5	0.8		58.7	126.7	30.9																						
2012	0		34.6	238.3		190.4	60		32.1	44.5	20		1.1		50		108		60																						
2013	0.4	12.1	59.3		22.3	19.1	10		33.3	0			0.1		12.8	0			0																						
a?os_Dsern																																	
1995	1996	1997	1998	1999	2000	2001	2002	2003	2004	2005	2006	2007	2008	2009	2010	2011	2012																
desembarques_sernapesca																																	
1995	16934	21255	9174	4738	3414	1250	1292	118	3624	8536	1693	54440
1996	86344	89463	68050	26453	8697	11657	18035	11358	30102	36089	12073	46463
1997	101551	62270	121197	63294	38243	10371	6858	7519	10925	11094	6871	49
1998	32941	34264	34439	32097	22546	24688	15315	21332	20644	23327	31568	7003
1999	124441	154699	172684	102326	99886	40108	12953	55	10599	29194	10702	3498
2000	101321	247423	124912	69975	35506	20186	1782	29	13140	16619	18183	7001
2001	87537	64543	54586	27311	12456	1355	430	4	2557	14738	8402	4282
2002	90588	82651	45400	30718	12254	5180	2861	168	7606	12401	926	653
2003	15966	28930	59994	75497	20165	14463	6715	824	23675	7979	1662	1051
2004	124	88264	70202	79125	28335	2424	3496	444	8048	6071	4013	3167
2005	26	68297	33041	33824	36611	6350	2768	265	11584	15717	5251	532
2006	626	79265	112628	49058	46885	6376	2813	1059	16852	26329	17030	2094
2007	38	56543	94919	32250	14875	2170	3070	1264	8743	34626	19555	8177
2008	89	128406	234583	158390	82980	33682	9702	350	269	87098	26809	18192
2009	79	81654	322125	126121	35407	27575	67530	24559	1058	82721	41732	26008
2010	12	36825	89685	176833	89516	29613	18681	37953	1543	64710	104604	67203
2011	11	26870	303616	180873	63557	25526	32860	27524	837	57959	126372	30887
2012	17	31613	240288	184695	58994	31136	43568	19738	1096	50372	108396	59389
2013	377	11951	67562	22396	19261	10066	33334	9	114	13120	34602	24176
2014	44	15826	195517	118543	48037	42053	41604	37		32273	43583	5761
2015	365	16832	78093	102505	71075	12835	12885	4570	34	33955	79477	23237
2016	240	29430	39823	16125	26582	33496	20550	75	209	28423	59980	25488
2017	181	20588	166107	34003	30823	12988	12875	89	13	20616	28541	13860
2018	7	15699	127241	75346	31767	22893	1280	48	162	13483	46060	7522
2019	55	13245	107962	64807	32028	14904	6807	6	14	1019	47575	29704
2020	0	5302	33431	103728	37170	8620	4272	12	2	8203	30345	27004
2021	6	4024	182026	95004	20422	4924	0	0	0	0	0	0

tallamedia																																	
2007	0		10.8	11.3	11.8	12	 11.5	12.8	14.4	14.2	13.9	13.2	13.4																						
2008	0		9.2	  9.1	  9.1	  9.1	 10.3	10.1	9.6	  10.3	12.8	11.7	11.2																						
2009	0		8.5	  8.8	  9.2	  9.6	 10	  10.4	11.1	11.1	12.2	12.8	13.1																						
2010	0		11.2	9.7	  9.4	  10.4 10.2	10.1	11.4	12	  13	  11.7	12																						
2011	0		9.8	  9.6	  9.6	  9.3	 10.1	11.5	11.4	11.8	12.1	12.1	12.1																						
2012	0		11.4	8.5	  9.8	  9.5	 10.1	10.4	11.4	11.5	12	  13.3	12.4																						
2013	0		13.4	11.7	12	  0	   12.9	13.1	0	    12.9	13.8	13.2	13.8																						
2014	0		10.5	11.5	0	    0	   0	  0	    0	    0	    0	    0	    0																						
edad_tallamedia																																	
8.8	  11.8	14.6	16.8	17																													
8.7	  11.9	14	  15.4	16.3																													
8.6	  11.5	14.7	16	  15.7																													
9.8	  10.7	13.3	14.6	17.3																													
10.2	11.1	12.9	13.8	14.9																													
8.6	  12.3	14.5	15.4	0																													
9.9	  11.8	14.2	15.5	17.5																													
8.9	  14.1	14.5	15.4	16.4																													
8.6	  11.4	14.8	15.3	17.2																													
9	    10.8	12.8	15.3	15.7																													
9.1	  11.1	13.2	14.4	15.8																													
7.9	  11.6	12.9	14.7	15.9																													
9.6	  10.7	13.1	14.7	15.6																													
10.1	11.4	12.9	14.7	15.7																													
PromedioySd_edad_tallamedia																																	
9.13	11.58	13.74	15.14	16.23																													
0.68	0.88	0.79	0.73	0.81																													
bajotalla																																	
2007	0	68.2	57	  44.9	40.2	46.8	10.4	1.2	  1.9	  6.2  	12.6	9																						
2008	0	90.4	96.4	95.9	94.9	79	  93.2	88.6	88.5	32	  46.1	46.8																						
2009	0	94.6	93	  95.1	86.2	71.8	67.6	51.8	59.4	32.6	15.9	16.9																						
2010	0	51.6	84.9	87.2	70.4	73.6	79.3	48.3	42.8	14	  31.8	25.4																						
2011	0	83.9	91.1	90.6	93.9	75.2	54	  55.8	54.8	35.4	28.9	27.2																						
2012	0	43.2	94.6	66.6	73.8	64	  59	  43.5	46.9	34.2	8.8	  14.5																						
2013	0	2.1	  39	  29	  0	    7.1	  7.1	  0	    5.3	  2	    8.9	  3.5																						
2014	0	81	  54.5	0	    0	    0	    0	    0	    0	    0	    0	    0																						
indicegonodosomatico																																	
2007	0	2.12	1.27	1.34	1.89	3.75	7.61	10.41	9.34	6.87	3.98	2.72																						
2008	0	1.65	1.31	1.46	1.91	2.78	2.61	5.66	1.77	5.98	3.24	2.68																						
2009	0	1.15	1.27	1.27	1.39	1.89	2.75	3.93	4	    4.77	2.23	1.56																						
2010	0	1.51	1.24	1.26	1.79	1.42	2.24	3.25	4.29	3.39	1.85	1.36																						
2011	0	1.22	1.23	1.5	  2.21	3.75	7.25	8.24	7.59	5.26	3.36	1.87																						
2012	0	1.03	2.4	  5.18	2.43	3.67	5.89	8.56	7.79	5.03	5.88	4.34																						
2013	0	1.55	1.53	1.94	0	    6.46	8.46	0	    8.13	7.96	3.04	1.91																						
2014	0	1.58	1.38	0	    0	    0	    0	    0	    0	    0	    0	    0																						
mes_evalhist																																	
1109	210	510	910	211	511	1111	212	212.2	912	213	513	613	913	214																			
evalhistoricas																																	
1991	0	      1.5121	1.4283	0	      1.0665	1.06261	  1.06005	  1.0745	  1.05347	  0.719706	0.723001	0.711431	0.743019	0.712222																			
1992	1.1993	1.2074	1.0684	0	      0.71204	0.708926	0.706727	0.719459	0.696099	0.479946	0.480533	0.472541	0.503722	0.470374																			
1993	0.5809	0.57375	0.52952	0	      0.44554	0.443216	0.441428	0.45105	  0.425783	0.252805	0.252157	0.244505	0.280192	0.240576																			
1994	0.9815	0.9933	0.74611	0	      1.3376	1.33553	  1.33287	  1.34143	  1.26378	  0.792166	0.786716	0.759861	0.892707	0.740615																			
1995	0.951	  0.96841	0.64845	0	      1.6163	1.61537	  1.61261	  1.61752	  1.50131	  0.995792	0.983666	0.9472	  1.14464	  0.914453																			
1996	3.3072	3.3521	2.3804	4.1127	4.7673	4.77646	  4.778	    4.72899	  4.49977	  2.57168	  2.53642	  2.47411	  2.89878	  2.38176																			
1997	2.4304	2.4742	1.8158	2.8693	3.3833	3.39052	  3.39213	  3.35455	  3.18299	  2.08529	  2.05209	  2.00349	  2.37267	  1.91603																			
1998	2.3378	2.3693	1.9542	2.4828	2.9998	3.00436	  3.00438	  2.98514	  2.78597	  1.56287	  1.52533	  1.49938	  1.82672	  1.40269																			
1999	1.7203	1.7408	1.5966	1.68	  1.9832	1.98502	  1.98468	  1.97778	  1.82611	  1.10163	  1.07238	  1.0634	  1.28624	  0.986996																			
2000	1.5923	1.6069	1.5547	1.4304	1.486	  1.4858	  1.48465	  1.48832	  1.27518	  0.861069	0.832517	0.836811	1.02368	  0.759572																			
2001	1.2236	1.2352	1.1561	1.0681	1.0571	1.05846	  1.05808	  1.05727	  0.857669	0.756527	0.731633	0.741113	0.914167	0.665844																			
2002	1.4612	1.4838	1.217	  1.2722	1.2786	1.2833	  1.28308	  1.27683	  1.00319	  0.956166	0.932421	0.943932	1.12266	  0.860502																			
2003	1.9139	1.9503	1.4696	1.7286	1.878	  1.88842	  1.88795	  1.87457	  1.44297	  0.96393	  0.938685	0.950289	1.1437	  0.869714																			
2004	1.819	  1.863	  1.3857	1.6073	1.9871	1.99876	  1.99761	  1.98656	  1.45998	  1.27307	  1.24431	  1.25907	  1.49834	  1.20218																			
2005	1.4286	1.4643	1.2898	1.3577	2.0901	2.10702	  2.10454	  2.09329	  1.46961	  1.31984	  1.28829	  1.30476	  1.55134	  1.17798																			
2006	2.7695	2.8065	2.8645	3.0384	3.075  	3.1141	  3.11015	  3.09335	  2.25606	  1.72276	  1.69154	  1.7076	  2.03234	  1.51314																			
2007	2.3297	2.3955	2.8066	2.9102	2.6539	2.6947	  2.68719	  2.69354	  1.87829	  1.54156	  1.51403	  1.53198	  1.86669	  1.33597																			
2008	3.9742	4.0703	5.9295	5.8425	4.9567	5.7677	  5.67445	  5.79452	  4.35393	  3.75555	  3.67032	  3.69871	  4.55465	  3.29797																			
2009	4.5098	4.6362	7.2192	6.8173	5.3668	6.04118	  5.91967	  6.0657	  4.37737	  4.27684	  4.07683	  4.11001	  5.49452	  3.77261																			
2010	0	      3.5917	5.5437	6.6995	6.4503	5.57654	  5.27497	  5.34538	  3.71458	  3.14545	  2.91504	  2.96433	  4.47193	  2.78016																			
2011	0	      0      	0	      4.5934	7.7764	7.42807	  7.99445	  7.15419	  4.84383	  3.76937	  3.95033	  4.14179	  6.05706	  4.03997																			
2012	0	      0	      0     	0	      0	      0	        0	        9.095	    5.38172	  4.20775	  4.65684	  5.69724	  5.94982	  4.28249																			
2013	0	      0	      0	      0	      0	      0	        0	        0	        0	        0	        3.45119	  3.79237	  3.46377	  2.79903																			
2014	0	      0	      0	      0	      0	      0	        0	        0	        0	        0	        0	        0	        0	        2.42848																			
a?os_recl_des																																	
2000	2001	2002	2003	2004	2005	2006	2007	2008	2009	2010	2011	2012	2013	2014	2015 2016 2017																		
a?os_pelaces																																	
2003	2004	2005	2006	2008	2009	2010	2011	2012	2013	2014	2015	2016																					
tallas																																	
			3			3.5			4				4.5			5				5.5			6				6.5			7				7.5			8				8.5				9					9.5				10			10.5		11			11.5		12			12.5		13			13.5		14			14.5		15			15.5		16			16.5		17			17.5		18		18.5	19	
reclas_tallas																																	
2000	0			0				3667		10328		38104		83002		40281		13195		4105		936			69			14				0					5					0				4				0				0				0				0				0				0				0				0				0				0				0				0				0				0				0			0			0	
2001	0			667			4698		23459		14864		10206		9535		15007		18341		22268		24281		19731			8299			2302			681			237			3				0				103			26			42			39			79			6				2				0				2				0				0				0				0			0			0	
2002	0			0				0				0				35			196			2265		9442		25191		32194		32790		22437			14433			4570			306			1				151			222			646			464			1007		1186		2672		1092		1162		1218		497			257			0				0				0			0			0	
2003	173		251			571			451			313			154			295			864			2410		3384		2345		2369			1578			1356			1059		1709		2950		4391		4382		4329		2910		1699		580			392			211			412			473			359			94			7				6			0			0	
2004	0			0				0				0				134			285			3945		4988		8208		11576		13383		10196			6634			4022			2314		789			931			1003		766			561			454			170			100			65			48			7				0				0				0				0				0			0			0	
2005	0			0				0				0				282			236			829			696			2079		2292		4926		3541			4102			2635			1819		827			191			48			120			284			2029		4315		7085		3740		900			75			16			10			3				1				0			0			0	
2006	0			4403		14180		14854		31544		57996		87571		90180		65507		34424		37958		36557			21456			11246			3873		1712		417			323			583			792			1300		1749		4245		8197		5958		4030		1152		189			22			0				0			0			0	
2007	0			0				0				20			98			438			1363		1689		2300		3204		2076		1509			1577			1970			462			1151		4454		10535		13512		12602		18234		13111		5462		5163		10096		9053		2641		160			0				0				0			0			0	
2008	0			0				1948		2362		4016		3709		10591		23097		41764		60829		69101		85109			88259			29643			15028		4579		760			92			85			506			2337		7419		20065		35893		24168		9968		2341		584			0				0				0			0			0	
2009	0			175			1831		3788		5353		18265		35714		66428		67930		42160		8212		3808			2031			1081			2873		8731		21179		14509		9443		3450		1024		403			158			189			222			361			134			19			0				0				0			0			0	
2010	31638	94940		103785	43370		75495		130806	79743		43882		33379		30185		18293		6546			3110			172				476			4768		14142		11083		6825		2438		1852		1900		1176		1012		434			402			258			147			0				0				0			0			0	
2011	0			165			0				385			4454		30850		150342	328127	256346	162951	59092		38698			26593			10107			4133		5249		7010		1925		395			389			28			22			1				8				0				0				6				0				0				0				0			0			0	
2012	9908	29936		81518		88618		217960	330213	314089	327556	149347	72634		12030		9802			35867			17556			7011		819			1116		3743		12229		7476		4770		4216		2829		2512		1346		1045		562			94			0				0				0			0			0	
2013	111		1733		3779		1588		398			795			1675		1551		2292		2707		2730		1962			501				1020			1882		3710		8962		11491		12255		7104		5445		3915		4796		3297		973			323			76			0				0				0				0			0			0	
2014	7715	33660		66535		99562		78932		49122		31791		28586		46765		61103		62068		57766			43705			31831			19813		12893		6602		2050		1222		2622		3766		4552		5118		3755		2490		1755		396			0				0				0				0			0			0	
2015	56639	154013	125851	46923		19148		7392		880			67			341			2020		2356		2254			1015			1129			1753		1732		4639		5752		7677		12800		13473		13188		8815		6255		3465		1649		801			313			74   		0				0			0			0						 
2016  4221	8510	  7586	  4698	  2565	  4143	  8178	  8882	  6693	  7443	  17238	  22545	    9038	    1230	    1110	  4839	  11345	  14500	  18707	  12763	  6506	  4402	  4483	  5611	  5733	  4871	  1529	  426	    93      0       0     0     0
2017  0	    0	      355	    348	    3410	  10533	  21318	  30147	  28552	  43013	  36823	  20579	    8056	    5469	    3596	  1244	  1514	  3384	  7079	  7114	  5221	  5160	  4537	  4446	  4918	  2703	  593	    154	    0	      0 	    0	    0	    0
2018 27545	67240	  24888	  17394	  19821	  32671	  36265	  47976	  46484	  44393	  32457	  31713	    25614	    11420	    4023	  852	    547	    2393	  4532	  8100	  11799	  11886	  7875	  3887	  1869	  873	    151	    75	    17	    0	      0    	0	    0
pelaces_talla																																	
2001	0			0				0				0				0				0				0				0				0				0				0				0					0					0					0				0				0				0				0				0				0				0				0				0				0				0				0				0				0				0				0			0			0	
2002	0			0				0				0				0				0				0				0				0				0				0				0					0					0					0				0				0				0				0				0				0				0				0				0				0				0				0				0				0				0				0			0			0	
2003	0			0				0				175			0				0				4				84			261			170			548			2058			3208			3101			2595		2217		2220		1686		1175		484			145			94			26			21			10			3				3				1				0				0				0			0			0	
2004	0			0				0				0				0				0				0				0				0				0				0				0					0					0					0				0				0				0				0				0				0				0				0				0				0				0				0				0				0				0				0			0			0	
2005	0			0				0				0				0				0				0				0				0				0				91			147				696				758				1255		1048		1055		1033		1392		2112		2064		1592		1173		919			495			363			360			172			101			0				0			0			0		
2006	0			0				0				0				0				0				0				326			2275		4354		12700		18653			17492			13112			10572		6895		3101		861			168			78			0				0				0				15			0				13			0				0				0				0				0			0			0	
2007	0			0				0				0				0				0				0				0				0				0				2				6					380				965				975			2153		2405		2396		2205		1135		661			390			68			28			0				0				0				0				0				0				0			0			0		
2008	0			0				0				0				0				0				0				0				0				0				0				0					0					0					0				0				0				0				0				0				0				0				0				0				0				0				0				0				0				0				0			0			0									
2009	0			0				0				0				0				1				40			122			171			176			2680		7004			19380			18873			15907		6454		3128		3828		2910		3437		3120		1935		1063		1427		3578		2783		1376		172			0				0				0			0			0			
2010	0			0				0				0				676			4355		24187		64165		56884		16881		11949		10207			4561			4790			5331		6976		25563		21691		16925		12844		7189		11450		7204		2821		2737		435			239			0				0				0				0			0			0	
2011	0			0				0				0				0				0				0				12			1113		210			5412		30872			73470			49193			30649		15725		9730		2926		1167		1061		614			21			2				5				2				1				0				0				0				0				0			0			0		
2012	0			0				0				353			1158		3866		20898		54221		105092	91806		53800		22551			21185			22037			7236		1773		649			597			165			51			47			44			41			0				0				0				0				0				0				0				0			0			0	
2013	0			0				0				0				0				0				0				260			309			833			3799		8641			12781			16046			18733		11517		6085		10874		22465		30622		16874		8344		4519		5655		1695		449			38			0				0				0				0			0			0	
2014	0			0				0				0				2598		17347		33966		20053		16890		12740		24448		41889			52327			54073			29165		12853		7981		5027		3063		1073		302			991			730			1337		934			216			34			0				0				0				0			0			0	
2015	0			0				0				0				0				2884		17410		25264		42655		58536		72421		54152			28021			8878			5521		3609		3661		5264		13997		13140		11110		8340		6515		5002		4417		2269		990			197			139			0      	0			0			0	
2016  0	    0	      0	      0	      0	      0	      34	    341	    990	    744	    2301	  8370    	19317	    19629	    20312	  15219 	16970	  14856	  9796  	4779	  3579	  2493	  3320	  3388	  1771	  968	    352   	140	    0       0       0     0     0
2017  0     0       0       0       402	    2014	  2419	  1607	  3207	  5625	  8628	  12765	    14221	    15382	    19938	  21066	  16990	  8625	  4245	  3427	  4954	  5957	  3788	  3207	  1775	  673	    183	    81	    0	      0	      0	    0	    0
2018  0     0       0       0       0       0       0       0       0       0       0       0         0         0         0       0       0       0       0       0       0       0       0       0       0       0       0       0       0       0       0     0     0
flota_talla																																	
2001	0			0				0				4.82		50.19		157.12	603.44	915.56	1206.15	2164.4	2912.87	3918.08		3677.32		3462.89		2933.66	2068.87	1405.5	1023.02	791.63	673.56	636.33	436.93	510.38	425.35	419.94	296.61	208.65	85.37		75.88		58.85		2.55	0			0	
2002	0			0				6.85		22.24		59.04		219.59	446.7		613.15	1186.18	2672.92	4106.6	6158.1		5451.14		4239.75		2598.38	1850.66	859.63	497.84	520.83	665.15	703.78	469.03	588.61	794.8		678.13	440.73	164			42.36		17.74		4.16		0			0			0	
2003	0			0				0				2.86		69.18		285.76	588.55	823.55	1186.54	1963.46	2382.5	2634.96		2273.12		2301.24		2102.77	1996.81	1593.75	1084.16	572.56	389.22	455.3		468.66	412.21	419.72	419.28	304.35	165.33	52.37		11.18		0.52		0			0			0	
2004	0			0				0				0				1.04		7.5			41.06		69.08		112.94	274.36	562.69	896.64		1257.15		1843.5		2976.04	3518.22	2587.52	1768.27	1003.82	748.2		899.37	787.69	534.8		301.5		114.41	108.93	69.79		18.02		0.47		0.28		0.09	0			0	
2005	0			0				0				0.3			10.94		54.85		111.74	88.81		48.21		23.92		123.34	193.68		451.76		1096.74		1681.74	2324.02	2215.17	1463.18	941.06	441.13	387.49	354.63	531.05	386.31	188.28	39.81		5.5			3.23		0.38		0				0			0			0	
2006	0			0				0				3.21		41.45		181.37	580.75	1406.75	2459.69	3445.6	3910.93	4056.69		3469.49		3251.03		3317.96	2362.57	910.51	319.01	151.54	128.98	185.43	201.76	314.32	454.38	372.04	128.57	34.281	3.57		0.29		2.7			0			0			0	
2007	0			0				0				2.63		3.85		14.73		47			57.07		47.12		74.34		152.75	311.96		722.69		1385.83		2231.16	2374.56	1906.31	1435.09	1531.4	1550.05	1295.92	1042.82	643.31	349.89	300.02	281.33	110.22	27.86		1.69		0.67		0			0			0	
2008	0			0				0.1			10.24		78.38		346.81	826.97	1698.18	2853.57	4373.96	6018.97	9039.19		10312.97	11952.29	7403.94	4343.34	1809.5	674.62	229.37	227.66	359.63	576.53	972.2		1236.38	1083.38	660.67	202.42	53.16		5.21		1.05		0			0			0	
2009	0			0				0.46		8.55		38.42		168.48	669.59	1890.44	3861.71	6141.6	8542.53	11624.69	10735.56	9393.89		5265.69	3303.75	2397.95	2012.35	1721.89	1394.23	872.28	521.52	370.52	588.36	935.22	972.2		462.69	130.49	20.45		4.97		0			0			0	
2010	0			0				0				0				0.1			5.52		59.81		154.93	807.22	1990.81	3707.14	4854.43		5189.37		5675.89		4370.39	3626.51	2800.83	2656.75	2441.16	2432.04	2044.16	1795.49	1251.82	676.2		518.69	467.43	251.94	78.96		7.68		1.89		0			0			0	
2011	0			0				2.98		12.24		26.37		63.14		109.98	197.83	343.32	901.43	2488.93	5346.12		6614.65		6537.27		3709.91	2738.56	1679.9	1371.04	1208.33	1319.59	1420.41	1308.4	947.18	661.47	316.77	217.97	128.59	46			6.03		1				0			0			0	
2012	0.02	0.08		0.09		14.11		105.15	690.01	2660.22	6601.06	9022.65	8254.31	8149.1	4814.66		3245.54		2339.06		2522.29	2069.56	2304.46	2428.35	2790.95	2035.2	1540.11	1006.7	681.09	335.14	162.3		75.7		25.31		4.41		1.09		0				0			0			0	
2013	0			0.17		0.89		13.22		50.79		114.86	144.17	256.7		470.57	616.31	703.26	673.71		771.04		923.97		1193.73	1444.58	1296.56	1578.63	1973.29	2276.22	2076.63	1838.2	1633.67	1266.74	554.4		195.65	42.29		5.11		0.77		0				0			0			0	
2014	0			0				0.97		3.69		16.12		58.6		149.46	241.63	377.62	514.61	662.2		917.03		1518.72		2400.53		3275.1	4410.53	4332.95	3472.98	1898.14	1211.01	914.56	1266.94	1455.13	1329.91	857.76	474.09	168.93	43.76		10.24		0.62		0			0			0	
2015	0			0				0				0				0.10		5.52		59.81		154.93	807.22	1990.81	3707.14	4854.43		5189.37		5675.89		4370.39	3626.51	2800.83	2656.75	2441.16	2432.04	2044.16	1795.49	1251.82	676.20	518.69	467.43	251.94	78.96		7.68		1.89		0			0			0
2016  0   	0     	0     	0     	0.98	  2.82	  15.08	  39.23	  103.91	168.01	152.32	216.75	  288.53	  385.40	  471.69	562.57	743.63	1008.92	1223.51	1144.47	1058.72	1107.13	1201.84	1191.03	1117.81	1060.92	631.57	286.95	49.66	  8.93	  0.89	0     0
2017  0     0       0       1.87	  40.18	  298.75	732.55	790.75	491.45	273.90	193.57	231.15	  523.28	  1153.40	  2459.98	3484.38	2449.08	1581.60	810.13	520.85	596.40	724.51	894.32	1025.24	978.22	696.58	355.61	147.76	27.40	  2.22	  0     0.99	0.05
2018  0     0       0       0       0       0       0       0       0       0       0       0         0         0         0       0       0       0       0       0       0       0       0       0       0       0       0       0       0       0       0     0     0
des_oficialesvscorregidos																																	
277258	277258	0.7	0																														
556305	556305	0.7	494567																														
447988	447988	0.8	514787																														
243591	243591	0.7	250237																														
340973	340973	0.8	358949																														
126715	126715	0.4	120608																														
446668	446668	0.6	361735																														
441149	441149	0.9	552515																														
317416	50562	  0.6	73892																														
781544	213959	0.9	212993																														
772465	207832	0.9	205616																														
324462	33278	  0.8	50451																														
347083	347083	0.9	305257																														
300358	300358	0.8	282360																														
331527	331527	0.9	372689																														
273268	273268	0.8	242976																														
579879	579879	0.8	496438																														
271707	271707	0.8	344596																														
804893	804893	0.8	713623																														
852042	852042	0.9	905818																														
749490	749490	0.7	603450																														
814926	814926	0.7	796319																														
850170	850170	0.7	826505																														
227985	227985	0.5	402507																														
533230  533230  0.8 449644
430837  430837  0.6 390330	
275329  275329   0   0
340684  340684   0   0
341507  341507   0   0
318126  318126   0   0
258092  258092   0   0

flota_talla_semestral
2000 1	0.00	0.00	20.45	111.98	262.04	477.19	617.83	1353.58	2640.13	4759.56	7868.10	10403.42	11967.04	11182.12	7212.96		2847.91	759.26	280.70	275.01	409.03	667.59	1139.85	1580.93	1917.45	1429.37	878.30	380.63	181.99	98.88		9.36		1.05	0.00	0
2000 2	0.00	0.00	0.00	0.00		23.75		99.41		445.13	400.59	137.73	74.31		19.02		21.72			24.89			27.05			54.53			50.51		54.18		49.03		179.69	268.83	199.67	146.85	190.99	191.88	183.46	119.23	42.44		17.06		4.95		1.68		0.51	0.00	0
2001 1	0.00	0.00	0.00	4.81		26.34		57.55		157.80	514.19	1066.27	2084.23	2882.21	3877.94		3629.05		3400.95		2844.48		1984.15	1313.80	942.52	589.29	388.84	422.09	280.20	309.97	225.94	228.14	170.30	161.36	66.45		68.78		56.22		2.04	0.00	0
2001 2	0.00	0.00	6.85	22.24		55.02		197.73	315.86	202.45	57.28		29.44		5.95		15.99			46.20			109.31		133.68		161.88	215.78	270.85	316.28	364.48	385.62	222.34	225.47	455.93	483.93	327.26	104.35	26.78		11.42		4.16		0.00	0.00	0
2002 1	0.00	0.00	0.00	0.00		4.02		21.86		130.85	410.70	1128.90	2643.48	4100.65	6142.11		5404.94		4130.44		2464.71		1688.79	643.85	226.99	204.55	300.68	318.16	246.69	363.15	338.87	194.20	113.46	59.64		15.59		6.32		0.00		0.00	0.00	0
2002 2	0.00	0.00	0.00	0.72		5.66		11.34		22.48		27.83		19.85		14.06		35.77		48.42			57.14			59.31			99.25			153.16	177.98	141.06	69.98		60.16		92.83		154.13	215.96	253.95	226.78	162.11	91.24		25.57		3.67		0.52		0.00	0.00	0
2003 1	0.00	0.00	0.00	0.00		2.14		63.52		295.21	611.74	899.24	1553.20	1992.01	2305.45		2671.36		2495.06		2328.05		2156.17	1742.59	1048.64	575.59	308.54	358.44	383.78	233.23	173.44	159.33	187.65	112.58	40.62		25.15		6.23		0.00	0.00	0
2003 2	0.00	0.00	0.00	0.00		0.00		0.00		0.00		0.00		0.00		0.00		0.00		0.00			0.00			0.00			0.00			0.00		0.00		0.00		0.00		0.00		0.00		0.00		0.00		0.00		0.00		0.00		0.00		0.00		0.00		0.00		0.00	0.00	0
2004 1	0.00	0.00	0.00	0.00		0.00		0.00		0.00		0.00		0.00		0.00		0.00		0.00			0.00			0.00			0.00			0.00		0.00		0.00		0.00		0.00		0.00		0.00		0.00		0.00		0.00		0.00		0.00		0.00		0.00		0.00		0.00	0.00	0
2004 2	0.00	0.00	0.00	0.30		10.94		54.85		111.74	88.81		48.21		21.28		6.23		23.64			59.31			128.02		111.20		95.58		94.76		66.01		128.46	138.70	181.26	176.14	117.96	37.84		10.54		2.02		0.42		0.00		0.00		0.00		0.00	0.00	0
2005 1	0.00	0.00	0.00	0.00		0.00		0.00		0.00		0.00		0.00		2.65		117.11	170.04		392.45		968.72		1570.53		2228.44	2120.41	1397.17	812.59	302.43	206.23	178.50	413.09	348.47	177.75	37.78		5.08		3.23		0.38		0.00		0.00	0.00	0
2005 2	0.00	0.00	0.00	0.00		0.00		0.00		0.00		0.00		0.00		0.00		0.00		0.00			0.00			0.00			0.00			0.00		0.00		0.00		0.00		0.00		0.00		0.00		0.00		0.00		0.00		0.00		0.00		0.00		0.00		0.00		0.00	0.00	0
2006 1	0.00	0.00	0.00	0.00		0.00		0.00		0.00		0.00		0.00		0.00		0.00		0.00			0.00			0.00			0.00			0.00		0.00		0.00		0.00		0.00		0.00		0.00		0.00		0.00		0.00		0.00		0.00		0.00		0.00		0.00		0.00	0.00	0
2006 2	0.00	0.00	0.00	2.63		3.85		13.89		42.11		40.82		19.71		4.86		12.53		52.67			171.21		345.41		585.93		810.62	724.95	650.81	784.94	857.81	582.83	249.64	144.79	137.15	199.02	126.58	40.93		7.54		0.36		0.00		0.00	0.00	0
2007 1	0.00	0.00	0.00	0.00		0.00		0.84		4.89		16.25		27.42		69.48		140.21	259.28		551.48		1040.41		1645.23		1563.94	1181.36	784.28	746.45	692.24	713.09	793.18	498.52	212.74	101.00	154.75	69.29		20.32		1.33		0.67		0.00	0.00	0
2007 2	0.00	0.00	0.10	0.52		1.90		5.77		16.50		26.17		27.25		23.75		25.83		28.40			23.05			15.47			7.76			6.82		10.70		16.35		32.88		81.02		195.17	390.94	619.19	617.55	327.63	157.88	57.27		15.64		2.88		0.26		0.00	0.00	0
2008 1	0.00	0.00	0.00	9.72		76.48		341.04	810.48	1672.01	2826.33	4350.21	5993.15	9010.79		10289.92	11936.81	7396.17		4336.53	1798.80	658.28	196.49	146.64	164.46	185.58	353.01	618.83	755.75	502.79	145.16	37.52		2.33		0.79		0.00	0.00	0
2008 2	0.00	0.00	0.46	8.55		27.52		40.12		36.73		76.68		128.01	107.91	74.46		116.74		231.08		461.38		828.60		1002.45	1154.07	1022.52	747.66	508.23	199.29	145.91	218.42	463.46	758.19	732.12	321.32	87.45		15.92		4.24		0.00	0.00	0
2009 1	0.00	0.00	0.00	0.00		10.90		128.36	632.86	1813.77	3733.71	6033.69	8468.07	11507.95	10504.48	8932.51		4437.08		2301.29	1243.89	989.83	974.24	886.00	672.98	375.61	152.09	124.90	177.03	240.08	141.36	43.04		4.53		0.72		0.00	0.00	0
2009 2	0.00	0.00	0.00	0.00		0.00		0.00		0.00		0.00		0.00		0.00		0.00		0.00			0.00			0.00			0.00			0.00		0.00		0.00		0.00		0.00		0.00		0.00		0.00		0.00		0.00		0.00		0.00		0.00		0.00		0.00		0.00	0.00	0
2010 1	0.00	0.00	0.00	0.00		0.00		0.00		0.00		0.00		0.00		0.00		0.00		0.00			0.00			0.00			0.00			0.00		0.00		0.00		0.00		0.00		0.00		0.00		0.00		0.00		0.00		0.00		0.00		0.00		0.00		0.00		0.00	0.00	0
2010 2	0.00	0.00	2.98	12.24		26.37		61.30		104.77	162.25	126.60	104.03	76.18		89.65			112.56		95.69			140.73		242.47	401.26	453.63	504.42	612.70	741.06	763.82	664.91	492.41	231.63	147.35	81.54		26.03		4.84		0.71		0.00	0.00	0
2011 1	0.00	0.00	0.00	0.00		0.00		1.84		5.21		33.47		210.44	741.70	2286.74	5064.90		6062.63		5873.21		3151.89		2228.72	1021.51	603.94	461.87	499.62	523.50	411.79	189.62	92.29		46.63		28.73		14.28		9.94		0.57		0.09		0.00	0.00	0
2011 2	0.00	0.00	0.00	0.00		0.05		0.01		0.17		1.87		2.44		20.24		56.13		135.78		262.01		440.87		614.44		872.38	956.53	1045.08	1008.51	1134.72	743.30	747.70	473.89	307.02	163.60	71.59		26.62		8.58		1.62		0.03		0.00	0.00	0
2012 1	0.02	0.08	0.09	14.11		105.10	690.00	2660.05	6599.19	8935.31	9002.41	8198.18	8013.32		4552.65		2804.66		1724.62		1649.91	1113.03	1259.38	1419.84	1656.22	1291.90	792.40	532.81	374.07	171.54	90.71		49.08		16.73		2.79		1.06		0.00	0.00	0
2012 2	0.00	0.16	0.88	13.22		50.79		114.86	144.17	256.19	466.51	599.23	619.48	484.91		345.94		324.33		442.15		666.99	776.53	963.63	1060.27	1142.34	1249.53	1378.20	1309.25	982.42	392.84	140.91	32.60		3.23		0.19		0.00		0.00	0.00	0
2013 1	0.00	0.00	0.01	0.00		0.00		0.00		0.00		0.51		4.07		17.08		83.78		188.80		425.10		599.65		751.58		777.59	520.04	615.00	913.02	1133.88	827.11	460.00	324.42	284.33	161.56	54.74		9.69		1.88		0.57		0.00		0.00	0.00	0
2013 2  0.00	0.00	0.97	3.52		13.55		44.35		103.07	146.08	152.48	131.29	86.18		51.29			29.85			23.71			23.15			48.35		49.39		87.86		127.69	265.79	473.82	821.57	925.64	729.59	351.30	144.48	22.33		3.55		0.28		0.01		0.00	0.00	0
2014 1 	0			0				0 	0.01 		0.09 		2.51 		15.94 	46.26 	182.61 	381.89 	620.68 	1106.86 	1769.59 	2979.76 	3958.67 	5326.64 4137.28 3200.17 1568.41 874.86 	372.98 	435.62 	512.68 	482.54 	349.89 	278.09 	122.28 	39.05 	7.26 		1.14 		0.00 	0.00  0
2014 2 	0			0				0		0.00		0.72		1.79		13.33		11.88		19.48		29.53		39.49		49.28			94.03			170.16		231.76		310.17	405.53	494.87	569.25	603.23	564.75	468.90	353.57	400.44	464.36	435.37	214.09	68.55		8.73		0.99		0.00	0.00	0		
comparacion_evalstock_names
c("BD_sep2013","BD_marz2014","BD_sep2014","BD_marz2015","B_marz2014","B_sep2014","B_marz2015","R_marz2014","R_sep2014","R_marz2015","F_marz2014","F_sep2014","F_marz2015")
comparacion_evalstock
1991	254237	238449 		1737200 	1737200 		743019 		712222 		2596100 	2597200 		159038	153016 	202350 	202610 		0.10	1.11	0.22 	0.22 
1992 	166698	145127 		1275100 	1275400 		503722		470374 		1779300 	1778300 		127055	120464 	105690 	104670 		1.93	2.29	0.38 	0.38 
1993	67358		51335 		656200 		655060 			280192		240576 		891290 		890410 			233597	208414 	95600 	96014 		0.84	1.07	0.35 	0.36 
1994	205448	158208 		377810 		377850 			892707		740615 		774910 		774020 			329990	279876 	155520 	154760 		0.41	0.54	0.49 	0.5 
1995	620604	481547 		429260 		428490 			1144640		914453 		678400 		677590 			271609	227455 	114990 	114990 		0.10	0.13	0.17 	0.17 
1996	858462	680490 		498230 		497620 			2898780		2381760 	1382200 	1375600 		611465	510784 	257250 	255130 		0.14	0.19	0.27 	0.28 
1997	1656890	1318800 	790490 		784100 			2372670		1916030 	1143100 	1135100 		192496	156753 	83627 	82809 		0.29	0.37	0.63 	0.64 
1998	1061700	802580 		438370 		432830 			1826720		1402690 	725630 		718540 			66169		52397 	25130 	25054 		0.05	0.07	0.12 	0.12 
1999	740572	554005 		327790 		323860 			1286240		986996 		568300 		563090 			72263		57028 	30659 	30482 		0.24	0.33	0.52 	0.53 
2000	475532	336559 		185140 		182310 			1023680		759572 		419970 		415050 			123452	94972 	51865 	51303 		0.29	0.43	0.72 	0.74 
2001	356065	241820 		121390 		118960 			914167		665844 		314210 		309960 			217435	167525 	76432 	75781 		0.06	0.09	0.16 	0.16 
2002	590374	425523 		227860 		224550 			1122660		860502 		564470 		558970 			183514	151773 	135300 	134340 		0.34	0.48	0.59 	0.61 
2003	509966	353134 		279770 		275420 			1143700		869714 		753810 		746290 			168637	139617 	138130 	137220 		0.36	0.52	0.46 	0.47 
2004	403558	275807 		307320 		302540 			1498340		1202180 	875370 		867560 			187785	161110 	91092 	90593 		0.41	0.54	0.68 	0.7 
2005	440713	326231 		236440 		232570 			1551340		1177980 	739580 		734440 			199559	152450 	88431 	88283 		0.23	0.32	0.44 	0.45 
2006	660366	465453 		307270 		304080 			2032340		1513140 	1055900 	1047100 		629635	479947 	351510 	348570 		0.27	0.40	0.46 	0.47 
2007	1274820	875810 		698340 		689440 			1866690		1335970 	1008200 	997670 			117442	96689 	61022 	60889 		0.21	0.30	0.36 	0.37 
2008	978668	662512 		558200 		551010 			4554650		3297970 	2309100 	2288100 		1148650	847203 	557790 	553250 		0.20	0.29	0.34 	0.35 
2009	2335330	1579820 	1217400 	1202100 		5494520		3772610 	2518000 	2494500 		949342	648367 	362030 	359610 		0.22	0.34	0.48 	0.49 
2010	2267160	1395090 	934280 		921040 			4471930		2780160 	1786900 	1769100 		632074	385352 	233750 	232630 		0.18	0.32	0.46 	0.47 
2011	3210010	1780270 	1181800 	1166300 		6057060		4039970 	2765200 	2733300 		701764	618241 	451350 	446280 		0.21	0.26	0.31 	0.32 
2012	2693860	1840630 	1496000 	1473100 		5949820		4282490 	3271800 	3239400 		635229	689102 	502100 	499840 		0.27	0.34	0.38 	0.39 
2013	2384610	1969050 	1714300 	1698900 		3462770		2799030 	2304200 	2346500 		119404	120452 	77132 	101150 		0.21	0.23	0.26 	0.25 
2014	NA			1068650 	1015200 	1076300 		NA				2428480 	1872800 	1893500 		NA			389932 	223640 	203560 		NA		0.20	0.28 	0.29 
2015	NA			NA				NA				916110			NA				NA				NA	 			1514200 		NA			NA			NA			134400		NA		NA		NA		0.27 
reclas_BT_BR_AT_AR
2000 264231		264231  193710		193710
2001 567819		562786  174878		174579
2002 844713		580303  154434		144233
2003 481605		173701  42477			26623
2004 360208		327013  70579			68408
2005 633136		132906  43081			24503
2006 2178397	1365269 542418		514201
2007 2134043	248770  122880		32846
2008 4813144	1887932 544253		440887
2009 1555625	1295782 319471		304068
2010 2623566	2065776 742257		725813
2011 3246647	3231782 1087276		1086427
2012 3843911	3088441 1746802		1709723
2013 1133477	213086  87071			48887
2014 3079434	2306300 766175		740499
2015 1972148  317173  516339		442076
2016 2032684  544867  211677    132052
2017 2025002  903773  260264    214956
2018 2424330  1201268 524759    471302
2019 2275425  220232  147567    51720
2020 1050175  41708   50295     15392
2021 2363380  1580219 329634    303262
pelaces_BT_AT
2003 173729 20724
2004 1385775 70489
2005 73945 5064
2006 512237 88540
2007 225334 20287
2008 608530 59925
2009 991726 99564
2010 2184203 299688
2011 1414675 227408
2012 1217169 407573
2013 2296489 180538
2014 1805815 340038
2015 2633311 394391
2016 1482799 149668
2017 1565315 161178
2018 1577507 215515
